2013112206
2013120306
2013121406
2014010506
2014011606
2014012706
2014020706
2014021806
2014030106
2014031206
2014040306
2014041406
2014050606
2014051706
2014052806
2014061906
2014063006
2014071106
2014072206
2014080206
2014082406
2014090406
2014091506
2014092606
2014100706
2014101806
2014102906
2014110906
2014112006
2014120106
2014122306
2015011406
2015012506
2015020506
2015021606
2015022706
2015031006
2015032106
2015040106
2015041206
2015042306
2015050406
2015051506
2015052606
2015060606
2015061706
2015062806

